0
0.005944427
0.011979667
0.018106545
0.02432587
0.030638438
0.037045031
0.043546413
0.050143334
0.056836522
0.063626691
0.070514531
0.077500714
0.084585888
0.09177068
0.099055693
0.106441503
0.113928661
0.121517692
0.129209091
0.137003324
0.144900829
0.152902008
0.161007234
0.169216845
0.177531144
0.185950399
0.194474839
0.203104656
0.211840004
0.220680994
0.229627698
0.238680145
0.247838319
0.257102161
0.266471567
0.275946386
0.285526419
0.295211418
0.305001088
0.314895083
0.324893005
0.334994406
0.345198785
0.355505586
0.365914201
0.376423969
0.387034169
0.39774403
0.408552722
0.419459358
0.430462995
0.441562632
0.452757213
0.464045622
0.475426685
0.486899171
0.498461791
0.510113199
0.52185199
0.533676701
0.545585815
0.557577754
0.569650886
0.581803524
0.594033923
0.606340285
0.618720759
0.631173438
0.643696365
0.656287532
0.668944879
0.681666297
0.694449632
0.707292679
0.72019319
0.733148874
0.746157394
0.759216377
0.772323406
0.785476028
0.798671755
0.811908065
0.8251824
0.838492177
0.85183478
0.865207569
0.878607879
0.892033022
0.905480291
0.918946959
0.932430286
0.945927515
0.95943588
0.972952606
0.986474908
1
1.013525092
1.027047394
1.04056412
1.054072485
1.067569714
1.081053041
1.094519709
1.107966978
1.121392121
1.134792431
1.14816522
1.161507823
1.1748176
1.188091935
1.201328245
1.214523972
1.227676594
1.240783623
1.253842606
1.266851126
1.27980681
1.292707321
1.305550368
1.318333703
1.331055121
1.343712468
1.356303635
1.368826562
1.381279241
1.393659715
1.405966077
1.418196476
1.430349114
1.442422246
1.454414185
1.466323299
1.47814801
1.489886801
1.501538209
1.513100829
1.524573315
1.535954378
1.547242787
1.558437368
1.569537005
1.580540642
1.591447278
1.60225597
1.612965831
1.623576031
1.634085799
1.644494414
1.654801215
1.665005594
1.675106995
1.685104917
1.694998912
1.704788582
1.714473581
1.724053614
1.733528433
1.742897839
1.752161681
1.761319855
1.770372302
1.779319006
1.788159996
1.796895344
1.805525161
1.814049601
1.822468856
1.830783155
1.838992766
1.847097992
1.855099171
1.862996676
1.870790909
1.878482308
1.886071339
1.893558497
1.900944307
1.90822932
1.915414112
1.922499286
1.929485469
1.936373309
1.943163478
1.949856666
1.956453587
1.962954969
1.969361562
1.97567413
1.981893455
1.988020333
1.994055573
2
